image: grid2.pgm
resolution: 0.050000
origin: [-2.500000, -4.850000, -nan]
negate: 0
occupied_thresh: 0.65
free_thresh: 0.196

